Record Nn' Vn' Fn' On'  Nv   Vv  Fv' Ov' No' Vo' Fo'  Q Se   Q +P   V Se   V +P  V FPR
s20011 99628   2   0  45   0    0   0   0  44   0   0  99.96  99.95   0.00      -  0.000
s20021 88454 136   1  15   0    0   0   0   6   1   0  99.99  99.98   0.00      -  0.000
s20031 109089   0   0 195   0    0   0   0  18   1   1  99.98  99.82   0.00      -  0.000
s20041 102568 6178   7 253   0    0   0   0  10 230   0  99.78  99.77   0.00      -  0.000
s20051 112219   2   2   2   0    0   0   0   0   0   0 100.00 100.00   0.00      -  0.000
s20061 116681 772   0   1   0    0   0   0   1   0   0 100.00 100.00   0.00      -  0.000
s20071 85317   5   0  88   0    0   0   0   4   0   0 100.00  99.90   0.00      -  0.000
s20081 111241 1279  22   2   0    0   0   0   0  11   0  99.99 100.00   0.00      -  0.000
s20091 111039   0   0   4   0    0   0   0   4   0   0 100.00 100.00      -      -  0.000
s20101 70183 7080 384 133   0    0   0   0   2   0   0 100.00  99.83   0.00      -  0.000
s20111 84841   3   0  90   0    0   0   0  37   0   0  99.96  99.89   0.00      -  0.000
s20121 84625 578   0 1397   0    0   0   0  17   0   0  99.98  98.39   0.00      -  0.000
s20131 105386 494   6  49   0    0   0   0   4   0   0 100.00  99.95   0.00      -  0.000
s20141 116202   0   0   4   0    0   0   0   4   0   0 100.00 100.00      -      -  0.000
s20151 79179 147  11 125   0    0   0   0   3  19   0  99.97  99.84   0.00      -  0.000
s20161 83333   7   1 571   0    0   0   0  13   1   0  99.98  99.32   0.00      -  0.000
s20171 125398   3   0  45   0    0   0   0 660   6   0  99.47  99.96   0.00      -  0.000
s20181 106203 123   1 196   0    0   0   0 228   0   0  99.79  99.82   0.00      -  0.000
s20191 97183   7   0 1231   0    0   0   0  92   0   0  99.91  98.75   0.00      -  0.000
s20201 91046  11   0  72   0    0   0   0   1   0   0 100.00  99.92   0.00      -  0.000
s20211 99150  17   1 592   0    0   0   0 176   0   0  99.82  99.41   0.00      -  0.000
s20221 118687  27   0   3   0    0   0   0   1   0   0 100.00 100.00   0.00      -  0.000
s20231 101948   2   1  35   0    0   0   0 726   0   0  99.29  99.97   0.00      -  0.000
s20241 91991   6   0  12   0    0   0   0   0   0   0 100.00  99.99   0.00      -  0.000
s20251 107937   5   0 323   0    0   0   0  26   2   0  99.97  99.70   0.00      -  0.000
s20261 101108 746   1  43   0    0   0   0 100   0   0  99.90  99.96   0.00      -  0.000
s20271 105942 7891   0  71   0    0   0   0   8   2   0  99.99  99.94   0.00      -  0.000
s20272 117244 361   0  34   0    0   0   0   4   0   0 100.00  99.97   0.00      -  0.000
s20273 103066 606   0 389   0    0   0   0  31   0   0  99.97  99.63   0.00      -  0.000
s20274 119980 698   2 161   0    0   0   0  46   0   0  99.96  99.87   0.00      -  0.000
s20281 72799   0   0 357   0    0   0   0   9   0   0  99.99  99.51      -      -  0.000
s20291 75856 410   0 702   0    0   0   0  21   0   0  99.97  99.09   0.00      -  0.000
s20301 105559  24   0  29   0    0   0   0 796   0   0  99.25  99.97   0.00      -  0.000
s20311 85061   3   0 401   0    0   0   0 807   0   0  99.06  99.53   0.00      -  0.000
s20321 91373 131   0 115   0    0   0   0  13  69   0  99.91  99.87   0.00      -  0.000
s20331 83707   6   3  73   0    0   0   0   6   0   0  99.99  99.91   0.00      -  0.000
s20341 99718  87   1 142   0    0   0   0  10   0   0  99.99  99.86   0.00      -  0.000
s20351 118462 796   0  25   0    0   0   0   1   0   0 100.00  99.98   0.00      -  0.000
s20361 105329   8   0 700   0    0   0   0  39   3   1  99.96  99.34   0.00      -  0.000
s20371 95399   5   0 101   0    0   0   0   6   0   0  99.99  99.89   0.00      -  0.000
s20381 102829  43   0  54   0    0   0   0   2  10   0  99.99  99.95   0.00      -  0.000
s20391 102098 197   5 239   0    0   0   0  19   4   1  99.98  99.77   0.00      -  0.000
s20401 71248  49   0  60   0    0   0   0 5739  12   0  92.54  99.92   0.00      -  0.000
s20411 84399  23   0  80   0    0   0   0   6   0   0  99.99  99.91   0.00      -  0.000
s20421 92480  91   5 201   0    0   0   0   5   1   0  99.99  99.78   0.00      -  0.000
s20431 102049  33   0  33   0    0   0   0   4   0   0 100.00  99.97   0.00      -  0.000
s20441 89315 3416   0  87   0    0   0   0   6   0   0  99.99  99.91   0.00      -  0.000
s20451 87765   2   0 430   0    0   0   0  23   1   0  99.97  99.51   0.00      -  0.000
s20461 98449   2   0 357   0    0   0   0  38   0   0  99.96  99.64   0.00      -  0.000
s20471 114877  61   1  81   0    0   0   0  12   0   0  99.99  99.93   0.00      -  0.000
s20481 90943   0   0 1576   0    0   0   0 174   0   0  99.81  98.30      -      -  0.000
s20491 95717 743   0 708   0    0   0   0 112   2   0  99.88  99.27   0.00      -  0.000
s20501 139953 500   1  68   0    0   0   0 1751   2   0  98.77  99.95   0.00      -  0.000
s20511 56974   7   2 1835   0    0   0   0 25414   1   0  69.16  96.88   0.00      -  0.000
s20521 74865  13   0 1106   0    0   0   0  79   0   0  99.89  98.54   0.00      -  0.000
s20531 83580  59   1 1506   0    0   0   0 2531   2   0  97.06  98.23   0.00      -  0.000
s20541 113355 561   6 198   0    0   0   0 453   0   0  99.60  99.83   0.00      -  0.000
s20551 62565  32   1 267   0    0   0   0 37538  79   1  62.46  99.58   0.00      -  0.000
s20561 100258  71   1 1344   0    0   0   0  61   0   0  99.94  98.68   0.00      -  0.000
s20571 86225 2229   5 593   0    0   0   0  57  23   0  99.91  99.33   0.00      -  0.000
s20581 84581  17   0  11   0    0   0   0   2   1   0 100.00  99.99   0.00      -  0.000
s20591 83828   3   0 1108   0    0   0   0  12   0   0  99.99  98.70   0.00      -  0.000
s20601 116457   2   0 107   0    0   0   0  29   0   0  99.98  99.91   0.00      -  0.000
s20611 234593   0   0  73   0    0   0   0 851   0   0  99.64  99.97      -      -  0.000
s20621 109879 1346   1 4168   0    0   0   0 678  29   0  99.37  96.39   0.00      -  0.000
s20631 99606   0   0 444   0    0   0   0  35   0   0  99.96  99.56      -      -  0.000
s20641 83600 776   0 4414   0    0   0   0  50   0   0  99.94  95.03   0.00      -  0.000
s20651 103090 331   0 4819   0    0   0   0 149   0   0  99.86  95.55   0.00      -  0.000
s30661 140820  60   2  47   0    0   0   0 3049   0   1  97.88  99.97   0.00      -  0.000
s30671 98364 286   2 220   0    0   0   0  15  61   0  99.92  99.78   0.00      -  0.000
s30681 125710  14   0 974   0    0   0   0 376   1   0  99.70  99.23   0.00      -  0.000
s30691 101338   1   0  20   0    0   0   0  16   0   0  99.98  99.98   0.00      -  0.000
s30701 106718   0   0   0   0    0   0   0   1   0   0 100.00 100.00      -      -  0.000
s30711 117533 17023   7   3   0    0   0   0 16257 1921   0  88.10 100.00   0.00      -  0.000
s30721 103284 325   0 232   0    0   0   0 2616   9   0  97.53  99.78   0.00      -  0.000
s30731 105591  35  11  57   0    0   0   0   2   1   0 100.00  99.95   0.00      -  0.000
s30732 96215  25   2  30   0    0   0   0   1   0   0 100.00  99.97   0.00      -  0.000
s30741 123047   0   0   9   0    0   0   0  17   0   0  99.99  99.99      -      -  0.000
s30742 113005   0   0  11   0    0   0   0 312   0   0  99.72  99.99      -      -  0.000
s30751 102138 3446   8  69   0    0   0   0  49   9   0  99.95  99.93   0.00      -  0.000
s30752 113915 5939  22  31   0    0   0   0 189  33   0  99.82  99.97   0.00      -  0.000
s30761 113344 3199  56  12   0    0   0   0  71   5   2  99.93  99.99   0.00      -  0.000
s30771 77418   6   0  44   0    0   0   0 183   0   0  99.76  99.94   0.00      -  0.000
s30781 108686 408   7 330   0    0   0   0 534   0   0  99.51  99.70   0.00      -  0.000
s30791 100024  57   1  21   0    0   0   0   4   0   0 100.00  99.98   0.00      -  0.000
s30801 88502   0   0 13085   0    0   0   0 5553   0   0  94.10  87.12      -      -  0.000
______________________________________________________________________________________
Sum  8681361 70087 591 49988   0    0   0   0 109049 2552   7
Gross                                                   98.74  99.43   0.00      -  0.000
Average                                                 98.71  99.39   0.00      -  0.000
Total QRS complexes: 8863647  Total VEBs: 72639

Summary of results from 86 records
